KL1692	176	240	11	11	11	KLM
AF1125	124	300	11	11	11	AirFrance
LH1793	165	310	10	10	10	DeutscheLufthansa
TP1050	99	345	4	4	4	TAP
TP436	76	345	4	4	4	TAP
TP802	52	345	4	4	4	TAP
TP834	123	350	4	4	4	TAP
IB3107	96	355	5	5	5	Iberia
TP342	87	365	4	4	4	TAP
TP958	130	365	4	4	4	TAP
TP664	112	365	4	4	4	TAP
TP932	115	365	4	4	4	TAP
TP616	161	375	4	4	4	TAP
LH1173	183	375	10	10	10	DeutscheLufthansa
6O5501	163	385	12	12	12	OrbestSA
UX1152	77	390	1	1	1	AirEuropa
TP3927	141	390	4	4	4	TAP
TP476	43	395	4	4	4	TAP
TP562	125	395	4	4	4	TAP
TP324	124	395	4	4	4	TAP
TP1074	40	405	4	4	4	TAP
TP1865	119	405	4	4	4	TAP
S4151	158	420	9	9	9	Sata
S4131	227	420	9	9	9	Sata
TP404	45	430	4	4	4	TAP
BA499	155	430	5	5	5	BritishAirways
TP1671	127	435	4	4	4	TAP
TP872	125	440	4	4	4	TAP
TP1922	96	440	4	4	4	TAP
TP574	140	445	4	4	4	TAP
TP354	190	445	4	4	4	TAP
TP864	114	450	4	4	4	TAP
TP488	43	450	4	4	4	TAP
TP1096	31	455	4	4	4	TAP
TP492	80	455	4	4	4	TAP
TP542	127	460	4	4	4	TAP
TP806	94	460	4	4	4	TAP
VY1984	158	465	3	3	3	VuelingAirlines
TP536	145	470	4	4	4	TAP
TP1102	23	470	4	4	4	TAP
TP558	125	470	4	4	4	TAP
TP1342	115	475	4	4	4	TAP
YU351	119	480	2	2	2	EuroAtlanticAirways
TP1272	117	480	4	4	4	TAP
TP1040	102	480	4	4	4	TAP
TP832	117	480	4	4	4	TAP
TP1012	105	485	4	4	4	TAP
TP434	185	485	4	4	4	TAP
TP1060	30	485	4	4	4	TAP
TP782	129	490	4	4	4	TAP
TP754	150	500	4	4	4	TAP
TP762	126	500	4	4	4	TAP
TP103	248	510	4	4	4	TAP
TP1260	122	510	4	4	4	TAP
TP071	261	515	4	4	4	TAP
TP1553	153	515	4	4	4	TAP
TP059	255	515	4	4	4	TAP
TP1304	152	520	4	4	4	TAP
TP1907	155	525	4	4	4	TAP
TP772	150	540	4	4	4	TAP
TP352	160	545	4	4	4	TAP
FR2623	180	550	13	13	13	Ryanair
UX1204	186	565	1	1	1	AirEuropa
UA917	215	565	14	14	14	UnitedAirlines
TP1924	92	585	4	4	4	TAP
TP229	247	590	4	4	4	TAP
AF1225	181	590	11	11	11	AirFrance
US739	168	595	14	14	14	USAirways
TP023	263	600	4	4	4	TAP
BA501	140	600	5	5	5	BritishAirways
DT651	167	600	7	7	7	TAAG
IB3111	105	615	5	5	5	Iberia
TP117	236	620	4	4	4	TAP
UX1150	101	630	1	1	1	AirEuropa
TK1756	168	630	2	2	2	TurkishAirlines
TP1685	158	635	4	4	4	TAP
TS337	347	640	13	13	13	AirTransat
TP1014	33	650	4	4	4	TAP
KL1696	178	650	11	11	11	KLM
TP836	110	655	4	4	4	TAP
TP191	232	655	4	4	4	TAP
AF1025	158	655	11	11	11	AirFrance
TP442	89	660	4	4	4	TAP
TP618	154	660	4	4	4	TAP
TP1112	46	665	4	4	4	TAP
LH1167	180	665	10	10	10	DeutscheLufthansa
TP1432	29	680	4	4	4	TAP
SN3816	160	685	10	10	10	BrusselsAirlines
TP287	200	690	4	4	4	TAP
S4221	230	690	9	9	9	Sata
IB3109	115	695	5	5	5	Iberia
4U2605	184	705	12	12	12	Germanwings
4U603	173	705	12	12	12	Germanwings
TP344	155	720	4	4	4	TAP
TP694	119	725	4	4	4	TAP
TP866	122	725	4	4	4	TAP
TP662	159	730	4	4	4	TAP
TP1042	36	735	4	4	4	TAP
P67953	181	735	2	2	2	PrivilegeStyle
TP203	266	740	4	4	4	TAP
LG3752	127	750	13	13	13	Luxair
TP926	159	755	4	4	4	TAP
TP1930	47	760	4	4	4	TAP
TP322	90	760	4	4	4	TAP
TP1454	72	765	4	4	4	TAP
TP804	148	770	4	4	4	TAP
TP2712	98	770	4	4	4	TAP
TP484	98	775	4	4	4	TAP
TP428	106	775	4	4	4	TAP
LX2093	175	775	10	10	10	SwissInternationalAirlines
TP948	155	785	4	4	4	TAP
TP472	47	790	4	4	4	TAP
LH1791	169	790	10	10	10	DeutscheLufthansa
TP402	37	795	4	4	4	TAP
TP1934	73	800	4	4	4	TAP
TP1695	158	800	4	4	4	TAP
EK192	361	805	7	7	7	Emirates
TP576	118	810	4	4	4	TAP
LX2085	179	810	10	10	10	SwissInternationalAirlines
TP1274	195	825	4	4	4	TAP
TP842	118	830	4	4	4	TAP
TP089	270	830	4	4	4	TAP
TP1932	29	835	4	4	4	TAP
TP031	270	840	4	4	4	TAP
TP356	159	840	4	4	4	TAP
S4153	159	840	9	9	9	Sata
EI485	160	850	12	12	12	AerLingus
AT981	114	855	8	8	8	RoyalAirMaroc
TP496	46	860	4	4	4	TAP
VY8465	129	865	3	3	3	VuelingAirlines
TP1044	126	875	4	4	4	TAP
TP1928	45	875	4	4	4	TAP
KL1694	172	875	11	11	11	KLM
S4301	222	880	9	9	9	Sata
AF1625	167	880	11	11	11	AirFrance
UX1156	99	885	1	1	1	AirEuropa
TK1760	140	885	2	2	2	TurkishAirlines
TP892	129	885	4	4	4	TAP
TP1823	194	890	4	4	4	TAP
LH1169	196	890	10	10	10	DeutscheLufthansa
TP1903	45	900	4	4	4	TAP
TP1687	189	900	4	4	4	TAP
TP1016	88	910	4	4	4	TAP
TP364	158	910	4	4	4	TAP
VR002	207	910	2	2	2	TACV
TP614	145	915	4	4	4	TAP
TP438	97	925	4	4	4	TAP
IB3103	142	935	5	5	5	Iberia
TP1442	40	940	4	4	4	TAP
TP1108	34	940	4	4	4	TAP
TP011	248	945	4	4	4	TAP
TP1511	120	950	4	4	4	TAP
TP752	156	985	4	4	4	TAP
TP1677	151	1005	4	4	4	TAP
AF1825	107	1005	11	11	11	AirFrance
TP566	120	1020	4	4	4	TAP
TP1936	148	1025	4	4	4	TAP
TP572	111	1030	4	4	4	TAP
TP1827	126	1040	4	4	4	TAP
TP412	91	1040	4	4	4	TAP
ZI308	167	1050	1	1	1	AigleAzur
TP1046	32	1050	4	4	4	TAP
TP448	115	1050	4	4	4	TAP
AH3005	81	1050	8	8	8	AirAlgerie
AF1195	137	1055	11	11	11	AirFrance
BA503	141	1070	5	5	5	BritishAirways
TP1018	27	1080	4	4	4	TAP
TP534	118	1080	4	4	4	TAP
TP928	156	1080	4	4	4	TAP
S4129	237	1080	9	9	9	Sata
TP358	159	1085	4	4	4	TAP
TP281	248	1090	4	4	4	TAP
TP552	119	1100	4	4	4	TAP
VY1982	127	1110	3	3	3	VuelingAirlines
TP446	113	1115	4	4	4	TAP
TP838	98	1120	4	4	4	TAP
TP1691	115	1120	4	4	4	TAP
SN3820	125	1125	10	10	10	BrusselsAirlines
TP668	156	1135	4	4	4	TAP
TP612	109	1140	4	4	4	TAP
UX1160	74	1145	1	1	1	AirEuropa
VY8945	178	1150	3	3	3	VuelingAirlines
TP1080	39	1150	4	4	4	TAP
TP954	127	1155	4	4	4	TAP
TP372	123	1155	4	4	4	TAP
TP478	86	1175	4	4	4	TAP
TP808	99	1175	4	4	4	TAP
TP1064	27	1180	4	4	4	TAP
TP1048	95	1185	4	4	4	TAP
TP1509	127	1185	4	4	4	TAP
TP486	41	1185	4	4	4	TAP
IB3105	98	1185	5	5	5	Iberia
TP1481	99	1190	4	4	4	TAP
TP1533	133	1190	4	4	4	TAP
TP1232	124	1190	4	4	4	TAP
TP494	79	1195	4	4	4	TAP
TP1090	32	1195	4	4	4	TAP
TP1547	123	1200	4	4	4	TAP
TP1022	53	1205	4	4	4	TAP
VY8463	112	1210	3	3	3	VuelingAirlines
TP1739	152	1230	4	4	4	TAP
TP1106	10	1230	4	4	4	TAP
DT653	173	1250	7	7	7	TAAG
TP1344	121	1275	4	4	4	TAP
FR2625	180	1275	13	13	13	Ryanair
TP1689	158	1280	4	4	4	TAP
TP289	201	1320	4	4	4	TAP
TP1312	196	1325	4	4	4	TAP
TP1909	105	1335	4	4	4	TAP
TP087	267	1335	4	4	4	TAP
TP1944	141	1375	4	4	4	TAP